10 390.0 0
10 402.4 12.399999999999977
10 416.4 14.0
10 430.09999999999997 13.699999999999989
10 443.4 13.300000000000011
10 456.5 13.100000000000023
10 469.3 12.800000000000011
10 481.8 12.5
10 494.0 12.199999999999989
10 505.9 11.899999999999977
7 390.0 11.700000000000045
10 517.6 11.5
7 401.5 11.399999999999977
10 529.0 11.300000000000011
7 412.8 11.100000000000023
10 540.1 11.0
7 423.8 10.899999999999977
10 551.0 10.699999999999989
7 434.5 10.600000000000023
10 561.6 10.399999999999977
7 444.9 10.399999999999977
10 572.0 10.199999999999989
7 455.09999999999997 10.100000000000023
10 582.1 9.899999999999977
7 464.99999999999994 9.899999999999977
10 592.0 9.699999999999989
7 474.69999999999993 9.600000000000023
10 601.6 9.5
7 484.19999999999993 9.399999999999977
10 611.0 9.199999999999989
7 493.3999999999999 9.200000000000045
10 620.2 9.0
7 502.3999999999999 9.0
10 629.2 8.800000000000011
10 638.0 8.799999999999955
7 511.19999999999993 8.600000000000023
10 646.6 8.5
7 519.6999999999999 8.399999999999977
10 655.0 8.299999999999955
7 527.9999999999999 8.200000000000045
10 663.2 8.100000000000023
7 536.0999999999999 8.0
10 671.2 7.899999999999977
7 543.9999999999999 7.7999999999999545
10 679.0 7.7000000000000455
7 551.6999999999999 7.600000000000023
10 686.6 7.5
7 559.1999999999999 7.5
10 694.1 7.2999999999999545
7 566.4999999999999 7.2999999999999545
10 701.4 7.2000000000000455
7 573.6999999999999 7.100000000000023
10 708.5 7.0
7 580.6999999999999 7.0
10 715.5 6.7999999999999545
7 587.4999999999999 6.7999999999999545
10 722.3 6.600000000000023
7 594.0999999999999 6.600000000000023
10 728.9 6.5
7 600.5999999999999 6.5
10 735.4 6.2999999999999545
7 606.8999999999999 6.2999999999999545
10 741.6999999999999 6.2000000000000455
10 747.9 6.2000000000000455
7 613.0999999999999 6.100000000000023
10 754.0 6.0
7 619.0999999999999 5.899999999999977
10 759.9 5.7999999999999545
7 624.8999999999999 5.7999999999999545
7 630.5999999999999 5.7000000000000455
10 765.6999999999999 5.600000000000023
10 771.3 5.600000000000023
7 636.1999999999999 5.5
10 776.8 5.399999999999977
7 641.5999999999999 5.399999999999977
7 646.8999999999999 5.2999999999999545
10 782.1999999999999 5.2000000000000455
10 787.4 5.2000000000000455
7 652.0999999999999 5.100000000000023
10 792.5 5.0
7 657.0999999999999 5.0
10 797.5 4.899999999999977
7 661.9999999999999 4.899999999999977
10 802.4 4.7999999999999545
7 666.7999999999998 4.7999999999999545
10 807.1999999999999 4.7000000000000455
7 671.4999999999999 4.7000000000000455
10 811.9 4.600000000000023
10 816.5 4.600000000000023
7 676.0999999999999 4.5
7 680.4999999999999 4.399999999999977
10 821.0 4.2999999999999545
7 684.7999999999998 4.2999999999999545
10 825.3 4.2000000000000455
10 829.5 4.2000000000000455
7 688.9999999999999 4.2000000000000455
10 833.7 4.100000000000023
7 693.0999999999999 4.100000000000023
10 837.8000000000001 4.0
7 697.0999999999999 4.0
10 841.8000000000001 3.8999999999999773
7 700.9999999999999 3.8999999999999773
10 845.7 3.7999999999999545
7 704.7999999999998 3.7999999999999545
10 849.5 3.7000000000000455
7 708.4999999999999 3.7000000000000455
10 853.2 3.6000000000000227
7 712.0999999999999 3.6000000000000227
7 715.5999999999999 3.5
10 856.8000000000001 3.5
7 719.0999999999999 3.5
10 860.3000000000001 3.3999999999999773
10 863.7 3.3999999999999773
7 722.4999999999999 3.3999999999999773
10 867.1 3.2999999999999545
7 725.7999999999998 3.2999999999999545
10 870.4 3.2000000000000455
7 728.9999999999999 3.2000000000000455
10 873.6 3.1000000000000227
10 876.7 3.1000000000000227
7 732.0999999999999 3.1000000000000227
7 735.0999999999999 3.0
10 879.8000000000001 3.0
7 738.0999999999999 3.0
10 882.8000000000001 2.8999999999999773
10 885.7 2.8999999999999773
7 740.9999999999999 2.8999999999999773
7 743.7999999999998 2.7999999999999545
10 888.6 2.7999999999999545
7 746.5999999999998 2.7999999999999545
10 891.4 2.7000000000000455
7 749.2999999999998 2.7000000000000455
7 751.8999999999999 2.6000000000000227
10 894.1 2.6000000000000227
10 896.7 2.6000000000000227
7 754.4999999999999 2.6000000000000227
10 899.3000000000001 2.5
10 901.8000000000001 2.5
7 756.9999999999999 2.5
7 759.3999999999999 2.3999999999999773
10 904.3000000000001 2.3999999999999773
10 906.7 2.3999999999999773
7 761.7999999999998 2.3999999999999773
10 909.1 2.2999999999999545
10 911.4 2.2999999999999545
7 764.0999999999998 2.2999999999999545
7 766.2999999999998 2.2000000000000455
10 913.6999999999999 2.2000000000000455
10 915.9 2.2000000000000455
7 768.4999999999999 2.2000000000000455
7 770.5999999999999 2.1000000000000227
10 918.1 2.1000000000000227
7 772.6999999999999 2.1000000000000227
7 774.6999999999999 2.0
10 920.2 2.0
10 922.2 2.0
10 924.2 2.0
7 776.6999999999999 2.0
7 778.5999999999999 1.8999999999999773
10 926.2 1.8999999999999773
10 928.1 1.8999999999999773
7 780.4999999999999 1.8999999999999773
7 782.2999999999998 1.7999999999999545
10 930.0 1.7999999999999545
10 931.8 1.7999999999999545
7 784.0999999999998 1.7999999999999545
7 785.7999999999998 1.7000000000000455
7 787.4999999999999 1.7000000000000455
10 933.5999999999999 1.7000000000000455
10 935.3 1.7000000000000455
10 937.0 1.7000000000000455
7 789.1999999999999 1.7000000000000455
7 790.8 1.6000000000000227
10 938.7 1.6000000000000227
10 940.3000000000001 1.6000000000000227
10 941.9000000000001 1.6000000000000227
7 792.4 1.6000000000000227
7 793.9 1.5
7 795.4 1.5
10 943.5000000000001 1.5
10 945.0000000000001 1.5
7 796.9 1.5
7 798.3 1.3999999999999773
7 799.6999999999999 1.3999999999999773
10 946.5000000000001 1.3999999999999773
10 947.9000000000001 1.3999999999999773
10 949.3000000000001 1.3999999999999773
7 801.0999999999999 1.3999999999999773
7 802.3999999999999 1.2999999999999545
7 803.6999999999998 1.2999999999999545
10 950.7 1.2999999999999545
10 952.0 1.2999999999999545
10 953.3 1.2999999999999545
10 954.5999999999999 1.2999999999999545
7 804.9999999999998 1.2999999999999545
7 806.1999999999998 1.2000000000000455
7 807.3999999999999 1.2000000000000455
10 955.8999999999999 1.2000000000000455
10 957.0999999999999 1.2000000000000455
10 958.3 1.2000000000000455
7 808.5999999999999 1.2000000000000455
7 809.6999999999999 1.1000000000000227
7 810.8 1.1000000000000227
7 811.9 1.1000000000000227
10 959.5 1.1000000000000227
10 960.6 1.1000000000000227
10 961.7 1.1000000000000227
10 962.8000000000001 1.1000000000000227
7 813.0 1.1000000000000227
7 814.0 1.0
7 815.0 1.0
10 963.9000000000001 1.0
10 964.9000000000001 1.0
10 965.9000000000001 1.0
10 966.9000000000001 1.0
10 967.9000000000001 1.0
7 816.0 1.0
7 816.9 0.8999999999999773
7 817.8 0.8999999999999773
7 818.6999999999999 0.8999999999999773
7 819.5999999999999 0.8999999999999773
10 968.9000000000001 0.8999999999999773
10 969.8000000000001 0.8999999999999773
10 970.7 0.8999999999999773
10 971.6 0.8999999999999773
7 820.4999999999999 0.8999999999999773
7 821.2999999999998 0.7999999999999545
7 822.0999999999998 0.7999999999999545
7 822.8999999999997 0.7999999999999545
7 823.6999999999997 0.7999999999999545
10 972.5 0.7999999999999545
10 973.3 0.7999999999999545
10 974.0999999999999 0.7999999999999545
10 974.8999999999999 0.7999999999999545
10 975.6999999999998 0.7999999999999545
7 824.4999999999997 0.7999999999999545
7 825.1999999999997 0.7000000000000455
7 825.8999999999997 0.7000000000000455
7 826.5999999999998 0.7000000000000455
7 827.2999999999998 0.7000000000000455
7 827.9999999999999 0.7000000000000455
10 976.4999999999998 0.7000000000000455
10 977.1999999999998 0.7000000000000455
10 977.8999999999999 0.7000000000000455
10 978.5999999999999 0.7000000000000455
10 979.3 0.7000000000000455
10 980.0 0.7000000000000455
10 980.7 0.7000000000000455
7 828.6999999999999 0.7000000000000455
7 829.3 0.6000000000000227
7 829.9 0.6000000000000227
7 830.5 0.6000000000000227
7 831.1 0.6000000000000227
7 831.7 0.6000000000000227
10 981.4000000000001 0.6000000000000227
10 982.0000000000001 0.6000000000000227
10 982.6000000000001 0.6000000000000227
10 983.2000000000002 0.6000000000000227
10 983.8000000000002 0.6000000000000227
10 984.4000000000002 0.6000000000000227
7 832.3000000000001 0.6000000000000227
7 832.8000000000001 0.5
7 833.3000000000001 0.5
7 833.8000000000001 0.5
7 834.3000000000001 0.5
7 834.8000000000001 0.5
7 835.3000000000001 0.5
7 835.8000000000001 0.5
10 985.0000000000002 0.5
10 985.5000000000002 0.5
10 986.0000000000002 0.5
10 986.5000000000002 0.5
10 987.0000000000002 0.5
10 987.5000000000002 0.5
10 988.0000000000002 0.5
10 988.5000000000002 0.5
7 836.3000000000001 0.5
7 836.7 0.39999999999997726
7 837.1 0.39999999999997726
7 837.5 0.39999999999997726
7 837.9 0.39999999999997726
7 838.3 0.39999999999997726
7 838.6999999999999 0.39999999999997726
7 839.0999999999999 0.39999999999997726
7 839.4999999999999 0.39999999999997726
7 839.8999999999999 0.39999999999997726
10 989.0000000000002 0.39999999999997726
10 989.4000000000002 0.39999999999997726
10 989.8000000000002 0.39999999999997726
10 990.2000000000002 0.39999999999997726
10 990.6000000000001 0.39999999999997726
10 991.0000000000001 0.39999999999997726
10 991.4000000000001 0.39999999999997726
10 991.8000000000001 0.39999999999997726
10 992.2 0.39999999999997726
10 992.6 0.39999999999997726
10 993.0 0.39999999999997726
10 993.4 0.39999999999997726
10 993.8 0.39999999999997726
7 840.2999999999998 0.39999999999997726
7 839.9999999999999 -0.2999999999999545
7 840.3999999999999 0.39999999999997726
7 840.0999999999999 -0.2999999999999545
7 839.8 -0.2999999999999545
7 840.1999999999999 0.39999999999997726
7 839.9 -0.2999999999999545
7 840.3 0.39999999999997726
7 840.0 -0.2999999999999545
7 839.7 -0.2999999999999545
7 840.1 0.39999999999997726
7 839.8000000000001 -0.2999999999999545
7 840.2 0.39999999999997726
7 839.9000000000001 -0.2999999999999545
7 840.3000000000001 0.39999999999997726
7 840.0000000000001 -0.2999999999999545
7 839.7000000000002 -0.2999999999999545
7 840.1000000000001 0.39999999999997726
7 839.8000000000002 -0.2999999999999545
7 840.2000000000002 0.39999999999997726
7 839.9000000000002 -0.2999999999999545
7 840.3000000000002 0.39999999999997726
7 840.0000000000002 -0.2999999999999545
7 839.7000000000003 -0.2999999999999545
7 840.1000000000003 0.39999999999997726
7 839.8000000000003 -0.2999999999999545
7 840.2000000000003 0.39999999999997726
7 839.9000000000003 -0.2999999999999545
7 840.3000000000003 0.39999999999997726
7 840.0000000000003 -0.2999999999999545
7 839.7000000000004 -0.2999999999999545
7 840.1000000000004 0.39999999999997726
7 839.8000000000004 -0.2999999999999545
7 840.2000000000004 0.39999999999997726
7 839.9000000000004 -0.2999999999999545
7 840.3000000000004 0.39999999999997726
7 840.0000000000005 -0.2999999999999545
7 839.7000000000005 -0.2999999999999545
7 840.1000000000005 0.39999999999997726
7 839.8000000000005 -0.2999999999999545
7 840.2000000000005 0.39999999999997726
7 839.9000000000005 -0.2999999999999545
7 840.3000000000005 0.39999999999997726
7 840.0000000000006 -0.2999999999999545
7 839.7000000000006 -0.2999999999999545
7 840.1000000000006 0.39999999999997726
7 839.8000000000006 -0.2999999999999545
7 840.2000000000006 0.39999999999997726
7 839.9000000000007 -0.2999999999999545
7 840.3000000000006 0.39999999999997726
7 840.0000000000007 -0.2999999999999545
7 839.7000000000007 -0.2999999999999545
7 840.1000000000007 0.39999999999997726
7 839.8000000000008 -0.2999999999999545
7 840.2000000000007 0.39999999999997726
7 839.9000000000008 -0.2999999999999545
7 840.3000000000008 0.39999999999997726
7 840.0000000000008 -0.2999999999999545
7 839.7000000000008 -0.2999999999999545
7 840.1000000000008 0.39999999999997726
7 839.8000000000009 -0.2999999999999545
7 840.2000000000008 0.39999999999997726
7 839.9000000000009 -0.2999999999999545
7 840.3000000000009 0.39999999999997726
7 840.0000000000009 -0.2999999999999545
7 839.700000000001 -0.2999999999999545
7 840.1000000000009 0.39999999999997726
7 839.800000000001 -0.2999999999999545
7 840.200000000001 0.39999999999997726
7 839.900000000001 -0.2999999999999545
7 840.300000000001 0.39999999999997726
7 840.000000000001 -0.2999999999999545
7 839.7000000000011 -0.2999999999999545
7 840.100000000001 0.39999999999997726
7 839.8000000000011 -0.2999999999999545
7 840.2000000000011 0.39999999999997726
7 839.9000000000011 -0.2999999999999545
7 840.3000000000011 0.39999999999997726
7 840.0000000000011 -0.2999999999999545
7 839.7000000000012 -0.2999999999999545
7 840.1000000000012 0.39999999999997726
7 839.8000000000012 -0.2999999999999545
7 840.2000000000012 0.39999999999997726
7 839.9000000000012 -0.2999999999999545
7 840.3000000000012 0.39999999999997726
7 840.0000000000013 -0.2999999999999545
7 839.7000000000013 -0.2999999999999545
7 840.1000000000013 0.39999999999997726
7 839.8000000000013 -0.2999999999999545
7 840.2000000000013 0.39999999999997726
7 839.9000000000013 -0.2999999999999545
7 840.3000000000013 0.39999999999997726
7 840.0000000000014 -0.2999999999999545
7 839.7000000000014 -0.2999999999999545
7 840.1000000000014 0.39999999999997726
7 839.8000000000014 -0.2999999999999545
7 840.2000000000014 0.39999999999997726
7 839.9000000000015 -0.2999999999999545
7 840.3000000000014 0.39999999999997726
7 840.0000000000015 -0.2999999999999545
7 839.7000000000015 -0.2999999999999545
7 840.1000000000015 0.39999999999997726
7 839.8000000000015 -0.2999999999999545
7 840.2000000000015 0.39999999999997726
7 839.9000000000016 -0.2999999999999545
7 840.3000000000015 0.39999999999997726
7 840.0000000000016 -0.2999999999999545
7 839.7000000000016 -0.2999999999999545
7 840.1000000000016 0.39999999999997726
7 839.8000000000017 -0.2999999999999545
7 840.2000000000016 0.39999999999997726
7 839.9000000000017 -0.2999999999999545
7 840.3000000000017 0.39999999999997726
7 840.0000000000017 -0.2999999999999545
7 839.7000000000018 -0.2999999999999545
7 840.1000000000017 0.39999999999997726
7 839.8000000000018 -0.2999999999999545
7 840.2000000000018 0.39999999999997726
7 839.9000000000018 -0.2999999999999545
7 840.3000000000018 0.39999999999997726
7 840.0000000000018 -0.2999999999999545
7 839.7000000000019 -0.2999999999999545
7 840.1000000000018 0.39999999999997726
7 839.8000000000019 -0.2999999999999545
7 840.2000000000019 0.39999999999997726
7 839.9000000000019 -0.2999999999999545
7 840.3000000000019 0.39999999999997726
7 840.0000000000019 -0.2999999999999545
7 839.700000000002 -0.2999999999999545
7 840.100000000002 0.39999999999997726
7 839.800000000002 -0.2999999999999545
7 840.200000000002 0.39999999999997726
7 839.900000000002 -0.2999999999999545
7 840.300000000002 0.39999999999997726
7 840.000000000002 -0.2999999999999545
7 839.7000000000021 -0.2999999999999545
7 840.1000000000021 0.39999999999997726
7 839.8000000000021 -0.2999999999999545
7 840.2000000000021 0.39999999999997726
7 839.9000000000021 -0.2999999999999545
7 840.3000000000021 0.39999999999997726
7 840.0000000000022 -0.2999999999999545
7 839.7000000000022 -0.2999999999999545
7 840.1000000000022 0.39999999999997726
7 839.8000000000022 -0.2999999999999545
7 840.2000000000022 0.39999999999997726
7 839.9000000000023 -0.2999999999999545
7 840.3000000000022 0.39999999999997726
7 840.0000000000023 -0.2999999999999545
7 839.7000000000023 -0.2999999999999545
7 840.1000000000023 0.39999999999997726
7 839.8000000000023 -0.2999999999999545
7 840.2000000000023 0.39999999999997726
7 839.9000000000024 -0.2999999999999545
7 840.3000000000023 0.39999999999997726
7 840.0000000000024 -0.2999999999999545
7 839.7000000000024 -0.2999999999999545
7 840.1000000000024 0.39999999999997726
7 839.8000000000025 -0.2999999999999545
7 840.2000000000024 0.39999999999997726
7 839.9000000000025 -0.2999999999999545
7 840.3000000000025 0.39999999999997726
7 840.0000000000025 -0.2999999999999545
7 839.7000000000025 -0.2999999999999545
7 840.1000000000025 0.39999999999997726
7 839.8000000000026 -0.2999999999999545
7 840.2000000000025 0.39999999999997726
7 839.9000000000026 -0.2999999999999545
7 840.3000000000026 0.39999999999997726
7 840.0000000000026 -0.2999999999999545
7 839.7000000000027 -0.2999999999999545
7 840.1000000000026 0.39999999999997726
7 839.8000000000027 -0.2999999999999545
7 840.2000000000027 0.39999999999997726
7 839.9000000000027 -0.2999999999999545
7 840.3000000000027 0.39999999999997726
7 840.0000000000027 -0.2999999999999545
7 839.7000000000028 -0.2999999999999545
7 840.1000000000028 0.39999999999997726
7 839.8000000000028 -0.2999999999999545
7 840.2000000000028 0.39999999999997726
7 839.9000000000028 -0.2999999999999545
7 840.3000000000028 0.39999999999997726
7 840.0000000000028 -0.2999999999999545
7 839.7000000000029 -0.2999999999999545
7 840.1000000000029 0.39999999999997726
7 839.8000000000029 -0.2999999999999545
7 840.2000000000029 0.39999999999997726
7 839.9000000000029 -0.2999999999999545
7 840.3000000000029 0.39999999999997726
7 840.000000000003 -0.2999999999999545
7 839.700000000003 -0.2999999999999545
7 840.100000000003 0.39999999999997726
7 839.800000000003 -0.2999999999999545
7 840.200000000003 0.39999999999997726
7 839.900000000003 -0.2999999999999545
7 840.300000000003 0.39999999999997726
7 840.0000000000031 -0.2999999999999545
7 839.7000000000031 -0.2999999999999545
7 840.1000000000031 0.39999999999997726
7 839.8000000000031 -0.2999999999999545
7 840.2000000000031 0.39999999999997726
7 839.9000000000032 -0.2999999999999545
7 840.3000000000031 0.39999999999997726
7 840.0000000000032 -0.2999999999999545
7 839.7000000000032 -0.2999999999999545
7 840.1000000000032 0.39999999999997726
7 839.8000000000033 -0.2999999999999545
7 840.2000000000032 0.39999999999997726
7 839.9000000000033 -0.2999999999999545
7 840.3000000000033 0.39999999999997726
7 840.0000000000033 -0.2999999999999545
7 839.7000000000033 -0.2999999999999545
7 840.1000000000033 0.39999999999997726
7 839.8000000000034 -0.2999999999999545
7 840.2000000000033 0.39999999999997726
7 839.9000000000034 -0.2999999999999545
7 840.3000000000034 0.39999999999997726
7 840.0000000000034 -0.2999999999999545
7 839.7000000000035 -0.2999999999999545
7 840.1000000000034 0.39999999999997726
7 839.8000000000035 -0.2999999999999545
7 840.2000000000035 0.39999999999997726
7 839.9000000000035 -0.2999999999999545
7 840.3000000000035 0.39999999999997726
7 840.0000000000035 -0.2999999999999545
7 839.7000000000036 -0.2999999999999545
7 840.1000000000035 0.39999999999997726
7 839.8000000000036 -0.2999999999999545
7 840.2000000000036 0.39999999999997726
7 839.9000000000036 -0.2999999999999545
7 840.3000000000036 0.39999999999997726
7 840.0000000000036 -0.2999999999999545
7 839.7000000000037 -0.2999999999999545
7 840.1000000000037 0.39999999999997726
7 839.8000000000037 -0.2999999999999545
7 840.2000000000037 0.39999999999997726
7 839.9000000000037 -0.2999999999999545
7 840.3000000000037 0.39999999999997726
7 840.0000000000038 -0.2999999999999545
7 839.7000000000038 -0.2999999999999545
7 840.1000000000038 0.39999999999997726
7 839.8000000000038 -0.2999999999999545
7 840.2000000000038 0.39999999999997726
7 839.9000000000038 -0.2999999999999545
7 840.3000000000038 0.39999999999997726
7 840.0000000000039 -0.2999999999999545
7 839.7000000000039 -0.2999999999999545
7 840.1000000000039 0.39999999999997726
7 839.8000000000039 -0.2999999999999545
7 840.2000000000039 0.39999999999997726
7 839.900000000004 -0.2999999999999545
7 840.3000000000039 0.39999999999997726
7 840.000000000004 -0.2999999999999545
7 839.700000000004 -0.2999999999999545
7 840.100000000004 0.39999999999997726
7 839.800000000004 -0.2999999999999545
7 840.200000000004 0.39999999999997726
7 839.9000000000041 -0.2999999999999545
7 840.300000000004 0.39999999999997726
7 840.0000000000041 -0.2999999999999545
7 839.7000000000041 -0.2999999999999545
7 840.1000000000041 0.39999999999997726
7 839.8000000000042 -0.2999999999999545
7 840.2000000000041 0.39999999999997726
7 839.9000000000042 -0.2999999999999545
7 840.3000000000042 0.39999999999997726
7 840.0000000000042 -0.2999999999999545
7 839.7000000000043 -0.2999999999999545
7 840.1000000000042 0.39999999999997726
7 839.8000000000043 -0.2999999999999545
7 840.2000000000043 0.39999999999997726
7 839.9000000000043 -0.2999999999999545
7 840.3000000000043 0.39999999999997726
7 840.0000000000043 -0.2999999999999545
7 839.7000000000044 -0.2999999999999545
7 840.1000000000043 0.39999999999997726
7 839.8000000000044 -0.2999999999999545
7 840.2000000000044 0.39999999999997726
7 839.9000000000044 -0.2999999999999545
7 840.3000000000044 0.39999999999997726
7 840.0000000000044 -0.2999999999999545
7 839.7000000000045 -0.2999999999999545
7 840.1000000000045 0.39999999999997726
7 839.8000000000045 -0.2999999999999545
7 840.2000000000045 0.39999999999997726
7 839.9000000000045 -0.2999999999999545
7 840.3000000000045 0.39999999999997726
7 840.0000000000045 -0.2999999999999545
7 839.7000000000046 -0.2999999999999545
7 840.1000000000046 0.39999999999997726
7 839.8000000000046 -0.2999999999999545
7 840.2000000000046 0.39999999999997726
7 839.9000000000046 -0.2999999999999545
7 840.3000000000046 0.39999999999997726
7 840.0000000000047 -0.2999999999999545
7 839.7000000000047 -0.2999999999999545
7 840.1000000000047 0.39999999999997726
7 839.8000000000047 -0.2999999999999545
7 840.2000000000047 0.39999999999997726
7 839.9000000000048 -0.2999999999999545
7 840.3000000000047 0.39999999999997726
7 840.0000000000048 -0.2999999999999545
7 839.7000000000048 -0.2999999999999545
7 840.1000000000048 0.39999999999997726
7 839.8000000000048 -0.2999999999999545
7 840.2000000000048 0.39999999999997726
7 839.9000000000049 -0.2999999999999545
7 840.3000000000048 0.39999999999997726
7 840.0000000000049 -0.2999999999999545
7 839.7000000000049 -0.2999999999999545
7 840.1000000000049 0.39999999999997726
7 839.800000000005 -0.2999999999999545
7 840.2000000000049 0.39999999999997726
7 839.900000000005 -0.2999999999999545
7 840.300000000005 0.39999999999997726
7 840.000000000005 -0.2999999999999545
7 839.700000000005 -0.2999999999999545
7 840.100000000005 0.39999999999997726
7 839.8000000000051 -0.2999999999999545
7 840.200000000005 0.39999999999997726
7 839.9000000000051 -0.2999999999999545
7 840.3000000000051 0.39999999999997726
7 840.0000000000051 -0.2999999999999545
7 839.7000000000052 -0.2999999999999545
7 840.1000000000051 0.39999999999997726
7 839.8000000000052 -0.2999999999999545
7 840.2000000000052 0.39999999999997726
7 839.9000000000052 -0.2999999999999545
7 840.3000000000052 0.39999999999997726
7 840.0000000000052 -0.2999999999999545
7 839.7000000000053 -0.2999999999999545
7 840.1000000000053 0.39999999999997726
7 839.8000000000053 -0.2999999999999545
7 840.2000000000053 0.39999999999997726
7 839.9000000000053 -0.2999999999999545
7 840.3000000000053 0.39999999999997726
7 840.0000000000053 -0.2999999999999545
7 839.7000000000054 -0.2999999999999545
7 840.1000000000054 0.39999999999997726
7 839.8000000000054 -0.2999999999999545
7 840.2000000000054 0.39999999999997726
7 839.9000000000054 -0.2999999999999545
7 840.3000000000054 0.39999999999997726
7 840.0000000000055 -0.2999999999999545
7 839.7000000000055 -0.2999999999999545
7 840.1000000000055 0.39999999999997726
7 839.8000000000055 -0.2999999999999545
7 840.2000000000055 0.39999999999997726
7 839.9000000000055 -0.2999999999999545
7 840.3000000000055 0.39999999999997726
7 840.0000000000056 -0.2999999999999545
7 839.7000000000056 -0.2999999999999545
7 840.1000000000056 0.39999999999997726
7 839.8000000000056 -0.2999999999999545
7 840.2000000000056 0.39999999999997726
7 839.9000000000057 -0.2999999999999545
7 840.3000000000056 0.39999999999997726
7 840.0000000000057 -0.2999999999999545
7 839.7000000000057 -0.2999999999999545
7 840.1000000000057 0.39999999999997726
7 839.8000000000058 -0.2999999999999545
7 840.2000000000057 0.39999999999997726
7 839.9000000000058 -0.2999999999999545
7 840.3000000000058 0.39999999999997726
7 840.0000000000058 -0.2999999999999545
7 839.7000000000058 -0.2999999999999545
7 840.1000000000058 0.39999999999997726
7 839.8000000000059 -0.2999999999999545
7 840.2000000000058 0.39999999999997726
7 839.9000000000059 -0.2999999999999545
7 840.3000000000059 0.39999999999997726
7 840.0000000000059 -0.2999999999999545
7 839.700000000006 -0.2999999999999545
7 840.1000000000059 0.39999999999997726
7 839.800000000006 -0.2999999999999545
7 840.200000000006 0.39999999999997726
7 839.900000000006 -0.2999999999999545
7 840.300000000006 0.39999999999997726
7 840.000000000006 -0.2999999999999545
7 839.7000000000061 -0.2999999999999545
7 840.100000000006 0.39999999999997726
7 839.8000000000061 -0.2999999999999545
7 840.2000000000061 0.39999999999997726
7 839.9000000000061 -0.2999999999999545
7 840.3000000000061 0.39999999999997726
7 840.0000000000061 -0.2999999999999545
7 839.7000000000062 -0.2999999999999545
7 840.1000000000062 0.39999999999997726
7 839.8000000000062 -0.2999999999999545
7 840.2000000000062 0.39999999999997726
7 839.9000000000062 -0.2999999999999545
7 840.3000000000062 0.39999999999997726
7 840.0000000000063 -0.2999999999999545
7 839.7000000000063 -0.2999999999999545
7 840.1000000000063 0.39999999999997726
7 839.8000000000063 -0.2999999999999545
7 840.2000000000063 0.39999999999997726
7 839.9000000000063 -0.2999999999999545
7 840.3000000000063 0.39999999999997726
7 840.0000000000064 -0.2999999999999545
7 839.7000000000064 -0.2999999999999545
7 840.1000000000064 0.39999999999997726
7 839.8000000000064 -0.2999999999999545
7 840.2000000000064 0.39999999999997726
7 839.9000000000065 -0.2999999999999545
7 840.3000000000064 0.39999999999997726
7 840.0000000000065 -0.2999999999999545
7 839.7000000000065 -0.2999999999999545
7 840.1000000000065 0.39999999999997726
7 839.8000000000065 -0.2999999999999545
7 840.2000000000065 0.39999999999997726
7 839.9000000000066 -0.2999999999999545
7 840.3000000000065 0.39999999999997726
7 840.0000000000066 -0.2999999999999545
7 839.7000000000066 -0.2999999999999545
7 840.1000000000066 0.39999999999997726
7 839.8000000000067 -0.2999999999999545
7 840.2000000000066 0.39999999999997726
7 839.9000000000067 -0.2999999999999545
7 840.3000000000067 0.39999999999997726
7 840.0000000000067 -0.2999999999999545
7 839.7000000000068 -0.2999999999999545
7 840.1000000000067 0.39999999999997726
7 839.8000000000068 -0.2999999999999545
7 840.2000000000068 0.39999999999997726
7 839.9000000000068 -0.2999999999999545
7 840.3000000000068 0.39999999999997726
7 840.0000000000068 -0.2999999999999545
7 839.7000000000069 -0.2999999999999545
7 840.1000000000068 0.39999999999997726
7 839.8000000000069 -0.2999999999999545
7 840.2000000000069 0.39999999999997726
7 839.9000000000069 -0.2999999999999545
7 840.3000000000069 0.39999999999997726
7 840.0000000000069 -0.2999999999999545
7 839.700000000007 -0.2999999999999545
7 840.100000000007 0.39999999999997726
7 839.800000000007 -0.2999999999999545
7 840.200000000007 0.39999999999997726
7 839.900000000007 -0.2999999999999545
7 840.300000000007 0.39999999999997726
7 840.000000000007 -0.2999999999999545
7 839.7000000000071 -0.2999999999999545
7 840.1000000000071 0.39999999999997726
7 839.8000000000071 -0.2999999999999545
7 840.2000000000071 0.39999999999997726
7 839.9000000000071 -0.2999999999999545
7 840.3000000000071 0.39999999999997726
7 840.0000000000072 -0.2999999999999545
7 839.7000000000072 -0.2999999999999545
7 840.1000000000072 0.39999999999997726
7 839.8000000000072 -0.2999999999999545
7 840.2000000000072 0.39999999999997726
7 839.9000000000073 -0.2999999999999545
7 840.3000000000072 0.39999999999997726
7 840.0000000000073 -0.2999999999999545
7 839.7000000000073 -0.2999999999999545
7 840.1000000000073 0.39999999999997726
7 839.8000000000073 -0.2999999999999545
7 840.2000000000073 0.39999999999997726
7 839.9000000000074 -0.2999999999999545
7 840.3000000000073 0.39999999999997726
7 840.0000000000074 -0.2999999999999545
7 839.7000000000074 -0.2999999999999545
7 840.1000000000074 0.39999999999997726
7 839.8000000000075 -0.2999999999999545
7 840.2000000000074 0.39999999999997726
7 839.9000000000075 -0.2999999999999545
7 840.3000000000075 0.39999999999997726
7 840.0000000000075 -0.2999999999999545
7 839.7000000000075 -0.2999999999999545
7 840.1000000000075 0.39999999999997726
7 839.8000000000076 -0.2999999999999545
7 840.2000000000075 0.39999999999997726
7 839.9000000000076 -0.2999999999999545
7 840.3000000000076 0.39999999999997726
7 840.0000000000076 -0.2999999999999545
7 839.7000000000077 -0.2999999999999545
7 840.1000000000076 0.39999999999997726
7 839.8000000000077 -0.2999999999999545
7 840.2000000000077 0.39999999999997726
7 839.9000000000077 -0.2999999999999545
7 840.3000000000077 0.39999999999997726
7 840.0000000000077 -0.2999999999999545
7 839.7000000000078 -0.2999999999999545
7 840.1000000000078 0.39999999999997726
7 839.8000000000078 -0.2999999999999545
7 840.2000000000078 0.39999999999997726
7 839.9000000000078 -0.2999999999999545
7 840.3000000000078 0.39999999999997726
7 840.0000000000078 -0.2999999999999545
7 839.7000000000079 -0.2999999999999545
7 840.1000000000079 0.39999999999997726
7 839.8000000000079 -0.2999999999999545
7 840.2000000000079 0.39999999999997726
7 839.9000000000079 -0.2999999999999545
7 840.3000000000079 0.39999999999997726
7 840.000000000008 -0.2999999999999545
7 839.700000000008 -0.2999999999999545
7 840.100000000008 0.39999999999997726
7 839.800000000008 -0.2999999999999545
7 840.200000000008 0.39999999999997726
7 839.900000000008 -0.2999999999999545
7 840.300000000008 0.39999999999997726
7 840.0000000000081 -0.2999999999999545
7 839.7000000000081 -0.2999999999999545
7 840.1000000000081 0.39999999999997726
7 839.8000000000081 -0.2999999999999545
7 840.2000000000081 0.39999999999997726
7 839.9000000000082 -0.2999999999999545
7 840.3000000000081 0.39999999999997726
7 840.0000000000082 -0.2999999999999545
7 839.7000000000082 -0.2999999999999545
7 840.1000000000082 0.39999999999997726
7 839.8000000000083 -0.2999999999999545
7 840.2000000000082 0.39999999999997726
7 839.9000000000083 -0.2999999999999545
7 840.3000000000083 0.39999999999997726
7 840.0000000000083 -0.2999999999999545
7 839.7000000000083 -0.2999999999999545
7 840.1000000000083 0.39999999999997726
7 839.8000000000084 -0.2999999999999545
7 840.2000000000083 0.39999999999997726
7 839.9000000000084 -0.2999999999999545
7 840.3000000000084 0.39999999999997726
7 840.0000000000084 -0.2999999999999545
7 839.7000000000085 -0.2999999999999545
7 840.1000000000084 0.39999999999997726
7 839.8000000000085 -0.2999999999999545
7 840.2000000000085 0.39999999999997726
7 839.9000000000085 -0.2999999999999545
7 840.3000000000085 0.39999999999997726
7 840.0000000000085 -0.2999999999999545
7 839.7000000000086 -0.2999999999999545
7 840.1000000000085 0.39999999999997726
7 839.8000000000086 -0.2999999999999545
7 840.2000000000086 0.39999999999997726
7 839.9000000000086 -0.2999999999999545
7 840.3000000000086 0.39999999999997726
7 840.0000000000086 -0.2999999999999545
7 839.7000000000087 -0.2999999999999545
7 840.1000000000087 0.39999999999997726
7 839.8000000000087 -0.2999999999999545
7 840.2000000000087 0.39999999999997726
7 839.9000000000087 -0.2999999999999545
7 840.3000000000087 0.39999999999997726
7 840.0000000000088 -0.2999999999999545
7 839.7000000000088 -0.2999999999999545
7 840.1000000000088 0.39999999999997726
7 839.8000000000088 -0.2999999999999545
7 840.2000000000088 0.39999999999997726
7 839.9000000000088 -0.2999999999999545
7 840.3000000000088 0.39999999999997726
7 840.0000000000089 -0.2999999999999545
7 839.7000000000089 -0.2999999999999545
7 840.1000000000089 0.39999999999997726
7 839.8000000000089 -0.2999999999999545
7 840.2000000000089 0.39999999999997726
7 839.900000000009 -0.2999999999999545
7 840.3000000000089 0.39999999999997726
7 840.000000000009 -0.2999999999999545
7 839.700000000009 -0.2999999999999545
7 840.100000000009 0.39999999999997726
7 839.800000000009 -0.2999999999999545
7 840.200000000009 0.39999999999997726
7 839.9000000000091 -0.2999999999999545
7 840.300000000009 0.39999999999997726
7 840.0000000000091 -0.2999999999999545
7 839.7000000000091 -0.2999999999999545
7 840.1000000000091 0.39999999999997726
7 839.8000000000092 -0.2999999999999545
7 840.2000000000091 0.39999999999997726
7 839.9000000000092 -0.2999999999999545
7 840.3000000000092 0.39999999999997726
7 840.0000000000092 -0.2999999999999545
7 839.7000000000093 -0.2999999999999545
7 840.1000000000092 0.39999999999997726
7 839.8000000000093 -0.2999999999999545
7 840.2000000000093 0.39999999999997726
7 839.9000000000093 -0.2999999999999545
7 840.3000000000093 0.39999999999997726
7 840.0000000000093 -0.2999999999999545
7 839.7000000000094 -0.2999999999999545
7 840.1000000000093 0.39999999999997726
7 839.8000000000094 -0.2999999999999545
7 840.2000000000094 0.39999999999997726
7 839.9000000000094 -0.2999999999999545
7 840.3000000000094 0.39999999999997726
7 840.0000000000094 -0.2999999999999545
7 839.7000000000095 -0.2999999999999545
7 840.1000000000095 0.39999999999997726
7 839.8000000000095 -0.2999999999999545
7 840.2000000000095 0.39999999999997726
7 839.9000000000095 -0.2999999999999545
7 840.3000000000095 0.39999999999997726
7 840.0000000000095 -0.2999999999999545
7 839.7000000000096 -0.2999999999999545
7 840.1000000000096 0.39999999999997726
7 839.8000000000096 -0.2999999999999545
7 840.2000000000096 0.39999999999997726
7 839.9000000000096 -0.2999999999999545
7 840.3000000000096 0.39999999999997726
7 840.0000000000097 -0.2999999999999545
7 839.7000000000097 -0.2999999999999545
7 840.1000000000097 0.39999999999997726
7 839.8000000000097 -0.2999999999999545
7 840.2000000000097 0.39999999999997726
7 839.9000000000098 -0.2999999999999545
7 840.3000000000097 0.39999999999997726
7 840.0000000000098 -0.2999999999999545
7 839.7000000000098 -0.2999999999999545
7 840.1000000000098 0.39999999999997726
7 839.8000000000098 -0.2999999999999545
7 840.2000000000098 0.39999999999997726
7 839.9000000000099 -0.2999999999999545
7 840.3000000000098 0.39999999999997726
7 840.0000000000099 -0.2999999999999545
7 839.7000000000099 -0.2999999999999545
7 840.1000000000099 0.39999999999997726
7 839.80000000001 -0.2999999999999545
7 840.2000000000099 0.39999999999997726
7 839.90000000001 -0.2999999999999545
7 840.30000000001 0.39999999999997726
7 840.00000000001 -0.2999999999999545
7 839.70000000001 -0.2999999999999545
7 840.10000000001 0.39999999999997726
7 839.8000000000101 -0.2999999999999545
7 840.20000000001 0.39999999999997726
7 839.9000000000101 -0.2999999999999545
7 840.3000000000101 0.39999999999997726
7 840.0000000000101 -0.2999999999999545
7 839.7000000000102 -0.2999999999999545
7 840.1000000000101 0.39999999999997726
7 839.8000000000102 -0.2999999999999545
7 840.2000000000102 0.39999999999997726
7 839.9000000000102 -0.2999999999999545
7 840.3000000000102 0.39999999999997726
7 840.0000000000102 -0.2999999999999545
7 839.7000000000103 -0.2999999999999545
7 840.1000000000103 0.39999999999997726
7 839.8000000000103 -0.2999999999999545
7 840.2000000000103 0.39999999999997726
7 839.9000000000103 -0.2999999999999545
7 840.3000000000103 0.39999999999997726
7 840.0000000000103 -0.2999999999999545
7 839.7000000000104 -0.2999999999999545
7 840.1000000000104 0.39999999999997726
7 839.8000000000104 -0.2999999999999545
7 840.2000000000104 0.39999999999997726
7 839.9000000000104 -0.2999999999999545
7 840.3000000000104 0.39999999999997726
7 840.0000000000105 -0.2999999999999545
7 839.7000000000105 -0.2999999999999545
7 840.1000000000105 0.39999999999997726
7 839.8000000000105 -0.2999999999999545
7 840.2000000000105 0.39999999999997726
7 839.9000000000106 -0.2999999999999545
7 840.3000000000105 0.39999999999997726
7 840.0000000000106 -0.2999999999999545
7 839.7000000000106 -0.2999999999999545
7 840.1000000000106 0.39999999999997726
7 839.8000000000106 -0.2999999999999545
7 840.2000000000106 0.39999999999997726
7 839.9000000000107 -0.2999999999999545
7 840.3000000000106 0.39999999999997726
7 840.0000000000107 -0.2999999999999545
7 839.7000000000107 -0.2999999999999545
7 840.1000000000107 0.39999999999997726
7 839.8000000000108 -0.2999999999999545
7 840.2000000000107 0.39999999999997726
7 839.9000000000108 -0.2999999999999545
7 840.3000000000108 0.39999999999997726
7 840.0000000000108 -0.2999999999999545
7 839.7000000000108 -0.2999999999999545
7 840.1000000000108 0.39999999999997726
7 839.8000000000109 -0.2999999999999545
7 840.2000000000108 0.39999999999997726
7 839.9000000000109 -0.2999999999999545
7 840.3000000000109 0.39999999999997726
7 840.0000000000109 -0.2999999999999545
7 839.700000000011 -0.2999999999999545
7 840.1000000000109 0.39999999999997726
7 839.800000000011 -0.2999999999999545
7 840.200000000011 0.39999999999997726
7 839.900000000011 -0.2999999999999545
7 840.300000000011 0.39999999999997726
7 840.000000000011 -0.2999999999999545
7 839.7000000000111 -0.2999999999999545
7 840.100000000011 0.39999999999997726
7 839.8000000000111 -0.2999999999999545
7 840.2000000000111 0.39999999999997726
7 839.9000000000111 -0.2999999999999545
7 840.3000000000111 0.39999999999997726
7 840.0000000000111 -0.2999999999999545
7 839.7000000000112 -0.2999999999999545
7 840.1000000000112 0.39999999999997726
7 839.8000000000112 -0.2999999999999545
7 840.2000000000112 0.39999999999997726
7 839.9000000000112 -0.2999999999999545
7 840.3000000000112 0.39999999999997726
7 840.0000000000113 -0.2999999999999545
7 839.7000000000113 -0.2999999999999545
7 840.1000000000113 0.39999999999997726
7 839.8000000000113 -0.2999999999999545
7 840.2000000000113 0.39999999999997726
7 839.9000000000113 -0.2999999999999545
7 840.3000000000113 0.39999999999997726
7 840.0000000000114 -0.2999999999999545
7 839.7000000000114 -0.2999999999999545
7 840.1000000000114 0.39999999999997726
7 839.8000000000114 -0.2999999999999545
7 840.2000000000114 0.39999999999997726
7 839.9000000000115 -0.2999999999999545
7 840.3000000000114 0.39999999999997726
7 840.0000000000115 -0.2999999999999545
7 839.7000000000115 -0.2999999999999545
7 840.1000000000115 0.39999999999997726
7 839.8000000000116 -0.2999999999999545
7 840.2000000000115 0.39999999999997726
7 839.9000000000116 -0.2999999999999545
7 840.3000000000116 0.39999999999997726
7 840.0000000000116 -0.2999999999999545
7 839.7000000000116 -0.2999999999999545
7 840.1000000000116 0.39999999999997726
7 839.8000000000117 -0.2999999999999545
7 840.2000000000116 0.39999999999997726
7 839.9000000000117 -0.2999999999999545
7 840.3000000000117 0.39999999999997726
7 840.0000000000117 -0.2999999999999545
7 839.7000000000118 -0.2999999999999545
7 840.1000000000117 0.39999999999997726
7 839.8000000000118 -0.2999999999999545
7 840.2000000000118 0.39999999999997726
7 839.9000000000118 -0.2999999999999545
7 840.3000000000118 0.39999999999997726
7 840.0000000000118 -0.2999999999999545
7 839.7000000000119 -0.2999999999999545
7 840.1000000000118 0.39999999999997726
7 839.8000000000119 -0.2999999999999545
7 840.2000000000119 0.39999999999997726
7 839.9000000000119 -0.2999999999999545
7 840.3000000000119 0.39999999999997726
7 840.0000000000119 -0.2999999999999545
7 839.700000000012 -0.2999999999999545
7 840.100000000012 0.39999999999997726
7 839.800000000012 -0.2999999999999545
7 840.200000000012 0.39999999999997726
7 839.900000000012 -0.2999999999999545
7 840.300000000012 0.39999999999997726
7 840.000000000012 -0.2999999999999545
7 839.7000000000121 -0.2999999999999545
7 840.1000000000121 0.39999999999997726
7 839.8000000000121 -0.2999999999999545
7 840.2000000000121 0.39999999999997726
7 839.9000000000121 -0.2999999999999545
7 840.3000000000121 0.39999999999997726
7 840.0000000000122 -0.2999999999999545
7 839.7000000000122 -0.2999999999999545
7 840.1000000000122 0.39999999999997726
7 839.8000000000122 -0.2999999999999545
7 840.2000000000122 0.39999999999997726
7 839.9000000000123 -0.2999999999999545
7 840.3000000000122 0.39999999999997726
7 840.0000000000123 -0.2999999999999545
7 839.7000000000123 -0.2999999999999545
7 840.1000000000123 0.39999999999997726
7 839.8000000000123 -0.2999999999999545
7 840.2000000000123 0.39999999999997726
7 839.9000000000124 -0.2999999999999545
7 840.3000000000123 0.39999999999997726
7 840.0000000000124 -0.2999999999999545
7 839.7000000000124 -0.2999999999999545
7 840.1000000000124 0.39999999999997726
7 839.8000000000125 -0.2999999999999545
7 840.2000000000124 0.39999999999997726
7 839.9000000000125 -0.2999999999999545
7 840.3000000000125 0.39999999999997726
7 840.0000000000125 -0.2999999999999545
7 839.7000000000126 -0.2999999999999545
7 840.1000000000125 0.39999999999997726
7 839.8000000000126 -0.2999999999999545
7 840.2000000000126 0.39999999999997726
7 839.9000000000126 -0.2999999999999545
7 840.3000000000126 0.39999999999997726
7 840.0000000000126 -0.2999999999999545
7 839.7000000000127 -0.2999999999999545
7 840.1000000000126 0.39999999999997726
7 839.8000000000127 -0.2999999999999545
7 840.2000000000127 0.39999999999997726
7 839.9000000000127 -0.2999999999999545
7 840.3000000000127 0.39999999999997726
7 840.0000000000127 -0.2999999999999545
7 839.7000000000128 -0.2999999999999545
7 840.1000000000128 0.39999999999997726
7 839.8000000000128 -0.2999999999999545
7 840.2000000000128 0.39999999999997726
7 839.9000000000128 -0.2999999999999545
7 840.3000000000128 0.39999999999997726
7 840.0000000000128 -0.2999999999999545
7 839.7000000000129 -0.2999999999999545
7 840.1000000000129 0.39999999999997726
7 839.8000000000129 -0.2999999999999545
7 840.2000000000129 0.39999999999997726
7 839.9000000000129 -0.2999999999999545
7 840.3000000000129 0.39999999999997726
7 840.000000000013 -0.2999999999999545
7 839.700000000013 -0.2999999999999545
7 840.100000000013 0.39999999999997726
7 839.800000000013 -0.2999999999999545
7 840.200000000013 0.39999999999997726
7 839.900000000013 -0.2999999999999545
7 840.300000000013 0.39999999999997726
7 840.0000000000131 -0.2999999999999545
7 839.7000000000131 -0.2999999999999545
7 840.1000000000131 0.39999999999997726
7 839.8000000000131 -0.2999999999999545
7 840.2000000000131 0.39999999999997726
7 839.9000000000132 -0.2999999999999545
7 840.3000000000131 0.39999999999997726
7 840.0000000000132 -0.2999999999999545
7 839.7000000000132 -0.2999999999999545
7 840.1000000000132 0.39999999999997726
7 839.8000000000133 -0.2999999999999545
7 840.2000000000132 0.39999999999997726
7 839.9000000000133 -0.2999999999999545
7 840.3000000000133 0.39999999999997726
7 840.0000000000133 -0.2999999999999545
7 839.7000000000133 -0.2999999999999545
7 840.1000000000133 0.39999999999997726
7 839.8000000000134 -0.2999999999999545
7 840.2000000000133 0.39999999999997726
7 839.9000000000134 -0.2999999999999545
7 840.3000000000134 0.39999999999997726
7 840.0000000000134 -0.2999999999999545
7 839.7000000000135 -0.2999999999999545
7 840.1000000000134 0.39999999999997726
7 839.8000000000135 -0.2999999999999545
7 840.2000000000135 0.39999999999997726
7 839.9000000000135 -0.2999999999999545
7 840.3000000000135 0.39999999999997726
7 840.0000000000135 -0.2999999999999545
7 839.7000000000136 -0.2999999999999545
7 840.1000000000136 0.39999999999997726
7 839.8000000000136 -0.2999999999999545
7 840.2000000000136 0.39999999999997726
7 839.9000000000136 -0.2999999999999545
7 840.3000000000136 0.39999999999997726
7 840.0000000000136 -0.2999999999999545
7 839.7000000000137 -0.2999999999999545
7 840.1000000000137 0.39999999999997726
7 839.8000000000137 -0.2999999999999545
7 840.2000000000137 0.39999999999997726
7 839.9000000000137 -0.2999999999999545
7 840.3000000000137 0.39999999999997726
7 840.0000000000138 -0.2999999999999545
7 839.7000000000138 -0.2999999999999545
7 840.1000000000138 0.39999999999997726
7 839.8000000000138 -0.2999999999999545
7 840.2000000000138 0.39999999999997726
7 839.9000000000138 -0.2999999999999545
7 840.3000000000138 0.39999999999997726
7 840.0000000000139 -0.2999999999999545
7 839.7000000000139 -0.2999999999999545
7 840.1000000000139 0.39999999999997726
7 839.8000000000139 -0.2999999999999545
7 840.2000000000139 0.39999999999997726
7 839.900000000014 -0.2999999999999545
7 840.3000000000139 0.39999999999997726
7 840.000000000014 -0.2999999999999545
7 839.700000000014 -0.2999999999999545
7 840.100000000014 0.39999999999997726
7 839.800000000014 -0.2999999999999545
7 840.200000000014 0.39999999999997726
7 839.9000000000141 -0.2999999999999545
7 840.300000000014 0.39999999999997726
7 840.0000000000141 -0.2999999999999545
7 839.7000000000141 -0.2999999999999545
7 840.1000000000141 0.39999999999997726
7 839.8000000000142 -0.2999999999999545
7 840.2000000000141 0.39999999999997726
7 839.9000000000142 -0.2999999999999545
7 840.3000000000142 0.39999999999997726
7 840.0000000000142 -0.2999999999999545
7 839.7000000000143 -0.2999999999999545
7 840.1000000000142 0.39999999999997726
7 839.8000000000143 -0.2999999999999545
7 840.2000000000143 0.39999999999997726
7 839.9000000000143 -0.2999999999999545
7 840.3000000000143 0.39999999999997726
7 840.0000000000143 -0.2999999999999545
7 839.7000000000144 -0.2999999999999545
7 840.1000000000143 0.39999999999997726
7 839.8000000000144 -0.2999999999999545
7 840.2000000000144 0.39999999999997726
7 839.9000000000144 -0.2999999999999545
7 840.3000000000144 0.39999999999997726
7 840.0000000000144 -0.2999999999999545
7 839.7000000000145 -0.2999999999999545
7 840.1000000000145 0.39999999999997726
7 839.8000000000145 -0.2999999999999545
7 840.2000000000145 0.39999999999997726
7 839.9000000000145 -0.2999999999999545
7 840.3000000000145 0.39999999999997726
7 840.0000000000146 -0.2999999999999545
7 839.7000000000146 -0.2999999999999545
7 840.1000000000146 0.39999999999997726
7 839.8000000000146 -0.2999999999999545
7 840.2000000000146 0.39999999999997726
7 839.9000000000146 -0.2999999999999545
7 840.3000000000146 0.39999999999997726
7 840.0000000000147 -0.2999999999999545
7 839.7000000000147 -0.2999999999999545
7 840.1000000000147 0.39999999999997726
7 839.8000000000147 -0.2999999999999545
7 840.2000000000147 0.39999999999997726
7 839.9000000000148 -0.2999999999999545
7 840.3000000000147 0.39999999999997726
7 840.0000000000148 -0.2999999999999545
7 839.7000000000148 -0.2999999999999545
7 840.1000000000148 0.39999999999997726
7 839.8000000000148 -0.2999999999999545
7 840.2000000000148 0.39999999999997726
7 839.9000000000149 -0.2999999999999545
7 840.3000000000148 0.39999999999997726
7 840.0000000000149 -0.2999999999999545
7 839.7000000000149 -0.2999999999999545
7 840.1000000000149 0.39999999999997726
7 839.800000000015 -0.2999999999999545
7 840.2000000000149 0.39999999999997726
7 839.900000000015 -0.2999999999999545
7 840.300000000015 0.39999999999997726
7 840.000000000015 -0.2999999999999545
7 839.700000000015 -0.2999999999999545
7 840.100000000015 0.39999999999997726
7 839.8000000000151 -0.2999999999999545
7 840.200000000015 0.39999999999997726
7 839.9000000000151 -0.2999999999999545
7 840.3000000000151 0.39999999999997726
7 840.0000000000151 -0.2999999999999545
7 839.7000000000152 -0.2999999999999545
7 840.1000000000151 0.39999999999997726
7 839.8000000000152 -0.2999999999999545
7 840.2000000000152 0.39999999999997726
7 839.9000000000152 -0.2999999999999545
7 840.3000000000152 0.39999999999997726
7 840.0000000000152 -0.2999999999999545
7 839.7000000000153 -0.2999999999999545
7 840.1000000000153 0.39999999999997726
7 839.8000000000153 -0.2999999999999545
7 840.2000000000153 0.39999999999997726
7 839.9000000000153 -0.2999999999999545
7 840.3000000000153 0.39999999999997726
7 840.0000000000153 -0.2999999999999545
7 839.7000000000154 -0.2999999999999545
7 840.1000000000154 0.39999999999997726
7 839.8000000000154 -0.2999999999999545
7 840.2000000000154 0.39999999999997726
7 839.9000000000154 -0.2999999999999545
7 840.3000000000154 0.39999999999997726
7 840.0000000000155 -0.2999999999999545
7 839.7000000000155 -0.2999999999999545
7 840.1000000000155 0.39999999999997726
7 839.8000000000155 -0.2999999999999545
7 840.2000000000155 0.39999999999997726
7 839.9000000000156 -0.2999999999999545
7 840.3000000000155 0.39999999999997726
7 840.0000000000156 -0.2999999999999545
7 839.7000000000156 -0.2999999999999545
7 840.1000000000156 0.39999999999997726
7 839.8000000000156 -0.2999999999999545
7 840.2000000000156 0.39999999999997726
7 839.9000000000157 -0.2999999999999545
7 840.3000000000156 0.39999999999997726
7 840.0000000000157 -0.2999999999999545
7 839.7000000000157 -0.2999999999999545
7 840.1000000000157 0.39999999999997726
7 839.8000000000158 -0.2999999999999545
7 840.2000000000157 0.39999999999997726
7 839.9000000000158 -0.2999999999999545
7 840.3000000000158 0.39999999999997726
7 840.0000000000158 -0.2999999999999545
7 839.7000000000158 -0.2999999999999545
7 840.1000000000158 0.39999999999997726
7 839.8000000000159 -0.2999999999999545
7 840.2000000000158 0.39999999999997726
7 839.9000000000159 -0.2999999999999545
7 840.3000000000159 0.39999999999997726
7 840.0000000000159 -0.2999999999999545
7 839.700000000016 -0.2999999999999545
7 840.1000000000159 0.39999999999997726
7 839.800000000016 -0.2999999999999545
7 840.200000000016 0.39999999999997726
7 839.900000000016 -0.2999999999999545
7 840.300000000016 0.39999999999997726
7 840.000000000016 -0.2999999999999545
7 839.7000000000161 -0.2999999999999545
7 840.100000000016 0.39999999999997726
7 839.8000000000161 -0.2999999999999545
7 840.2000000000161 0.39999999999997726
7 839.9000000000161 -0.2999999999999545
7 840.3000000000161 0.39999999999997726
7 840.0000000000161 -0.2999999999999545
7 839.7000000000162 -0.2999999999999545
7 840.1000000000162 0.39999999999997726
7 839.8000000000162 -0.2999999999999545
7 840.2000000000162 0.39999999999997726
7 839.9000000000162 -0.2999999999999545
7 840.3000000000162 0.39999999999997726
7 840.0000000000163 -0.2999999999999545
7 839.7000000000163 -0.2999999999999545
7 840.1000000000163 0.39999999999997726
7 839.8000000000163 -0.2999999999999545
7 840.2000000000163 0.39999999999997726
7 839.9000000000163 -0.2999999999999545
7 840.3000000000163 0.39999999999997726
7 840.0000000000164 -0.2999999999999545
7 839.7000000000164 -0.2999999999999545
7 840.1000000000164 0.39999999999997726
7 839.8000000000164 -0.2999999999999545
7 840.2000000000164 0.39999999999997726
7 839.9000000000165 -0.2999999999999545
7 840.3000000000164 0.39999999999997726
7 840.0000000000165 -0.2999999999999545
7 839.7000000000165 -0.2999999999999545
7 840.1000000000165 0.39999999999997726
7 839.8000000000166 -0.2999999999999545
7 840.2000000000165 0.39999999999997726
7 839.9000000000166 -0.2999999999999545
7 840.3000000000166 0.39999999999997726
7 840.0000000000166 -0.2999999999999545
7 839.7000000000166 -0.2999999999999545
7 840.1000000000166 0.39999999999997726
7 839.8000000000167 -0.2999999999999545
7 840.2000000000166 0.39999999999997726
7 839.9000000000167 -0.2999999999999545
7 840.3000000000167 0.39999999999997726
7 840.0000000000167 -0.2999999999999545
7 839.7000000000168 -0.2999999999999545
7 840.1000000000167 0.39999999999997726
7 839.8000000000168 -0.2999999999999545
7 840.2000000000168 0.39999999999997726
7 839.9000000000168 -0.2999999999999545
7 840.3000000000168 0.39999999999997726
7 840.0000000000168 -0.2999999999999545
7 839.7000000000169 -0.2999999999999545
7 840.1000000000168 0.39999999999997726
7 839.8000000000169 -0.2999999999999545
7 840.2000000000169 0.39999999999997726
7 839.9000000000169 -0.2999999999999545
7 840.3000000000169 0.39999999999997726
7 840.0000000000169 -0.2999999999999545
7 839.700000000017 -0.2999999999999545
7 840.100000000017 0.39999999999997726
7 839.800000000017 -0.2999999999999545
7 840.200000000017 0.39999999999997726
7 839.900000000017 -0.2999999999999545
7 840.300000000017 0.39999999999997726
7 840.000000000017 -0.2999999999999545
7 839.7000000000171 -0.2999999999999545
7 840.1000000000171 0.39999999999997726
7 839.8000000000171 -0.2999999999999545
7 840.2000000000171 0.39999999999997726
7 839.9000000000171 -0.2999999999999545
7 840.3000000000171 0.39999999999997726
7 840.0000000000172 -0.2999999999999545
7 839.7000000000172 -0.2999999999999545
7 840.1000000000172 0.39999999999997726
7 839.8000000000172 -0.2999999999999545
7 840.2000000000172 0.39999999999997726
7 839.9000000000173 -0.2999999999999545
7 840.3000000000172 0.39999999999997726
7 840.0000000000173 -0.2999999999999545
7 839.7000000000173 -0.2999999999999545
7 840.1000000000173 0.39999999999997726
7 839.8000000000173 -0.2999999999999545
7 840.2000000000173 0.39999999999997726
7 839.9000000000174 -0.2999999999999545
7 840.3000000000173 0.39999999999997726
7 840.0000000000174 -0.2999999999999545
7 839.7000000000174 -0.2999999999999545
7 840.1000000000174 0.39999999999997726
7 839.8000000000175 -0.2999999999999545
7 840.2000000000174 0.39999999999997726
7 839.9000000000175 -0.2999999999999545
7 840.3000000000175 0.39999999999997726
7 840.0000000000175 -0.2999999999999545
7 839.7000000000176 -0.2999999999999545
7 840.1000000000175 0.39999999999997726
7 839.8000000000176 -0.2999999999999545
7 840.2000000000176 0.39999999999997726
7 839.9000000000176 -0.2999999999999545
7 840.3000000000176 0.39999999999997726
7 840.0000000000176 -0.2999999999999545
7 839.7000000000177 -0.2999999999999545
7 840.1000000000176 0.39999999999997726
7 839.8000000000177 -0.2999999999999545
7 840.2000000000177 0.39999999999997726
7 839.9000000000177 -0.2999999999999545
7 840.3000000000177 0.39999999999997726
7 840.0000000000177 -0.2999999999999545
7 839.7000000000178 -0.2999999999999545
7 840.1000000000178 0.39999999999997726
7 839.8000000000178 -0.2999999999999545
7 840.2000000000178 0.39999999999997726
7 839.9000000000178 -0.2999999999999545
7 840.3000000000178 0.39999999999997726
7 840.0000000000178 -0.2999999999999545
7 839.7000000000179 -0.2999999999999545
7 840.1000000000179 0.39999999999997726
7 839.8000000000179 -0.2999999999999545
7 840.2000000000179 0.39999999999997726
7 839.9000000000179 -0.2999999999999545
7 840.3000000000179 0.39999999999997726
7 840.000000000018 -0.2999999999999545
7 839.700000000018 -0.2999999999999545
7 840.100000000018 0.39999999999997726
7 839.800000000018 -0.2999999999999545
7 840.200000000018 0.39999999999997726
7 839.900000000018 -0.2999999999999545
7 840.300000000018 0.39999999999997726
7 840.0000000000181 -0.2999999999999545
7 839.7000000000181 -0.2999999999999545
7 840.1000000000181 0.39999999999997726
7 839.8000000000181 -0.2999999999999545
7 840.2000000000181 0.39999999999997726
7 839.9000000000182 -0.2999999999999545
7 840.3000000000181 0.39999999999997726
7 840.0000000000182 -0.2999999999999545
7 839.7000000000182 -0.2999999999999545
7 840.1000000000182 0.39999999999997726
7 839.8000000000183 -0.2999999999999545
7 840.2000000000182 0.39999999999997726
7 839.9000000000183 -0.2999999999999545
7 840.3000000000183 0.39999999999997726
7 840.0000000000183 -0.2999999999999545
7 839.7000000000183 -0.2999999999999545
7 840.1000000000183 0.39999999999997726
7 839.8000000000184 -0.2999999999999545
7 840.2000000000183 0.39999999999997726
7 839.9000000000184 -0.2999999999999545
7 840.3000000000184 0.39999999999997726
7 840.0000000000184 -0.2999999999999545
7 839.7000000000185 -0.2999999999999545
7 840.1000000000184 0.39999999999997726
7 839.8000000000185 -0.2999999999999545
7 840.2000000000185 0.39999999999997726
7 839.9000000000185 -0.2999999999999545
7 840.3000000000185 0.39999999999997726
7 840.0000000000185 -0.2999999999999545
7 839.7000000000186 -0.2999999999999545
7 840.1000000000186 0.39999999999997726
7 839.8000000000186 -0.2999999999999545
7 840.2000000000186 0.39999999999997726
7 839.9000000000186 -0.2999999999999545
7 840.3000000000186 0.39999999999997726
7 840.0000000000186 -0.2999999999999545
7 839.7000000000187 -0.2999999999999545
7 840.1000000000187 0.39999999999997726
7 839.8000000000187 -0.2999999999999545
7 840.2000000000187 0.39999999999997726
7 839.9000000000187 -0.2999999999999545
7 840.3000000000187 0.39999999999997726
7 840.0000000000188 -0.2999999999999545
7 839.7000000000188 -0.2999999999999545
7 840.1000000000188 0.39999999999997726
7 839.8000000000188 -0.2999999999999545
7 840.2000000000188 0.39999999999997726
7 839.9000000000188 -0.2999999999999545
7 840.3000000000188 0.39999999999997726
7 840.0000000000189 -0.2999999999999545
7 839.7000000000189 -0.2999999999999545
7 840.1000000000189 0.39999999999997726
7 839.8000000000189 -0.2999999999999545
7 840.2000000000189 0.39999999999997726
7 839.900000000019 -0.2999999999999545
7 840.3000000000189 0.39999999999997726
7 840.000000000019 -0.2999999999999545
7 839.700000000019 -0.2999999999999545
7 840.100000000019 0.39999999999997726
7 839.800000000019 -0.2999999999999545
7 840.200000000019 0.39999999999997726
7 839.9000000000191 -0.2999999999999545
7 840.300000000019 0.39999999999997726
7 840.0000000000191 -0.2999999999999545
7 839.7000000000191 -0.2999999999999545
7 840.1000000000191 0.39999999999997726
7 839.8000000000192 -0.2999999999999545
7 840.2000000000191 0.39999999999997726
7 839.9000000000192 -0.2999999999999545
7 840.3000000000192 0.39999999999997726
7 840.0000000000192 -0.2999999999999545
7 839.7000000000193 -0.2999999999999545
7 840.1000000000192 0.39999999999997726
7 839.8000000000193 -0.2999999999999545
7 840.2000000000193 0.39999999999997726
7 839.9000000000193 -0.2999999999999545
7 840.3000000000193 0.39999999999997726
7 840.0000000000193 -0.2999999999999545
7 839.7000000000194 -0.2999999999999545
7 840.1000000000193 0.39999999999997726
7 839.8000000000194 -0.2999999999999545
7 840.2000000000194 0.39999999999997726
7 839.9000000000194 -0.2999999999999545
7 840.3000000000194 0.39999999999997726
7 840.0000000000194 -0.2999999999999545
7 839.7000000000195 -0.2999999999999545
7 840.1000000000195 0.39999999999997726
7 839.8000000000195 -0.2999999999999545
7 840.2000000000195 0.39999999999997726
7 839.9000000000195 -0.2999999999999545
7 840.3000000000195 0.39999999999997726
7 840.0000000000196 -0.2999999999999545
7 839.7000000000196 -0.2999999999999545
7 840.1000000000196 0.39999999999997726
7 839.8000000000196 -0.2999999999999545
7 840.2000000000196 0.39999999999997726
7 839.9000000000196 -0.2999999999999545
7 840.3000000000196 0.39999999999997726
7 840.0000000000197 -0.2999999999999545
7 839.7000000000197 -0.2999999999999545
7 840.1000000000197 0.39999999999997726
7 839.8000000000197 -0.2999999999999545
7 840.2000000000197 0.39999999999997726
7 839.9000000000198 -0.2999999999999545
7 840.3000000000197 0.39999999999997726
7 840.0000000000198 -0.2999999999999545
7 839.7000000000198 -0.2999999999999545
7 840.1000000000198 0.39999999999997726
7 839.8000000000198 -0.2999999999999545
7 840.2000000000198 0.39999999999997726
7 839.9000000000199 -0.2999999999999545
7 840.3000000000198 0.39999999999997726
7 840.0000000000199 -0.2999999999999545
7 839.7000000000199 -0.2999999999999545
7 840.1000000000199 0.39999999999997726
7 839.80000000002 -0.2999999999999545
7 840.2000000000199 0.39999999999997726
7 839.90000000002 -0.2999999999999545
7 840.30000000002 0.39999999999997726
7 840.00000000002 -0.2999999999999545
7 839.70000000002 -0.2999999999999545
7 840.10000000002 0.39999999999997726
7 839.8000000000201 -0.2999999999999545
7 840.20000000002 0.39999999999997726
7 839.9000000000201 -0.2999999999999545
7 840.3000000000201 0.39999999999997726
7 840.0000000000201 -0.2999999999999545
7 839.7000000000202 -0.2999999999999545
7 840.1000000000201 0.39999999999997726
7 839.8000000000202 -0.2999999999999545
7 840.2000000000202 0.39999999999997726
7 839.9000000000202 -0.2999999999999545
7 840.3000000000202 0.39999999999997726
7 840.0000000000202 -0.2999999999999545
7 839.7000000000203 -0.2999999999999545
7 840.1000000000203 0.39999999999997726
7 839.8000000000203 -0.2999999999999545
7 840.2000000000203 0.39999999999997726
7 839.9000000000203 -0.2999999999999545
7 840.3000000000203 0.39999999999997726
7 840.0000000000203 -0.2999999999999545
7 839.7000000000204 -0.2999999999999545
7 840.1000000000204 0.39999999999997726
7 839.8000000000204 -0.2999999999999545
7 840.2000000000204 0.39999999999997726
7 839.9000000000204 -0.2999999999999545
7 840.3000000000204 0.39999999999997726
7 840.0000000000205 -0.2999999999999545
7 839.7000000000205 -0.2999999999999545
7 840.1000000000205 0.39999999999997726
7 839.8000000000205 -0.2999999999999545
7 840.2000000000205 0.39999999999997726
7 839.9000000000206 -0.2999999999999545
7 840.3000000000205 0.39999999999997726
7 840.0000000000206 -0.2999999999999545
7 839.7000000000206 -0.2999999999999545
7 840.1000000000206 0.39999999999997726
7 839.8000000000206 -0.2999999999999545
7 840.2000000000206 0.39999999999997726
7 839.9000000000207 -0.2999999999999545
7 840.3000000000206 0.39999999999997726
7 840.0000000000207 -0.2999999999999545
7 839.7000000000207 -0.2999999999999545
7 840.1000000000207 0.39999999999997726
7 839.8000000000208 -0.2999999999999545
7 840.2000000000207 0.39999999999997726
7 839.9000000000208 -0.2999999999999545
7 840.3000000000208 0.39999999999997726
7 840.0000000000208 -0.2999999999999545
7 839.7000000000209 -0.2999999999999545
7 840.1000000000208 0.39999999999997726
7 839.8000000000209 -0.2999999999999545
7 840.2000000000209 0.39999999999997726
7 839.9000000000209 -0.2999999999999545
7 840.3000000000209 0.39999999999997726
7 840.0000000000209 -0.2999999999999545
7 839.700000000021 -0.2999999999999545
7 840.1000000000209 0.39999999999997726
7 839.800000000021 -0.2999999999999545
7 840.200000000021 0.39999999999997726
7 839.900000000021 -0.2999999999999545
7 840.300000000021 0.39999999999997726
7 840.000000000021 -0.2999999999999545
7 839.7000000000211 -0.2999999999999545
7 840.100000000021 0.39999999999997726
7 839.8000000000211 -0.2999999999999545
7 840.2000000000211 0.39999999999997726
7 839.9000000000211 -0.2999999999999545
7 840.3000000000211 0.39999999999997726
7 840.0000000000211 -0.2999999999999545
7 839.7000000000212 -0.2999999999999545
7 840.1000000000212 0.39999999999997726
7 839.8000000000212 -0.2999999999999545
7 840.2000000000212 0.39999999999997726
7 839.9000000000212 -0.2999999999999545
7 840.3000000000212 0.39999999999997726
7 840.0000000000213 -0.2999999999999545
7 839.7000000000213 -0.2999999999999545
7 840.1000000000213 0.39999999999997726
